0001 63327 102819
0002 13528 5432
0003 42376 85688
0004 42857 87578
0005 10110 10412
0006 7126 24
0007 57062 90107
0008 11150 26
0009 45038 89930
0010 30325 41881
0011 45527 89887
0012 42197 83061
0013 107122 437166
0014 7224 23
0015 53604 98121
0016 51603 80691
0017 7245 25
0018 42900 86766
0019 42736 85661
0020 44374 89119
0021 7198 20
0022 59549 93875
0023 32314 29495
0024 107424 448151
0025 55547 88501
0026 106243 426193
0027 44466 89700
0028 47650 92584
0029 107172 446743
0030 7197 21
0031 42987 86376
0032 63634 99728
0033 2385 6
0034 7252 23
0035 42107 84639
0036 62991 98338
0037 41973 82988
0038 7110 23
0039 106852 437373
0040 107777 458088
0041 11148 24
0042 11150 25
0043 10682 24
0044 4208 7
0045 62745 96282
0046 98668 316171
0047 66090 100822
0048 66172 100329
0049 51482 83999
0050 40760 29500
0051 11081 23
0052 40758 29501
0053 56324 93822
0054 18567 3039
0055 104212 448219
0056 40393 54257
0057 81920 174964
0058 10929 25
0059 40616 48928
0060 34826 59551
0061 48046 75614
0062 103498 422057
0063 11077 25
0064 11145 26
0065 11608 238
0066 18561 3039
0067 53422 88354
0068 81004 1048576
0069 50927 82921
0070 13259 693
0071 11135 26
0072 103634 433102
0073 67759 102991
0074 51620 84686
0075 41003 58194
0076 11045 25
0077 54106 91107
0078 11063 26
0079 11909 249
0080 10308 4547
0081 7089 23
0082 40676 86717
0083 928 7
0084 43203 87942
0085 23802 42845
0086 37583 88642
0087 23538 39323
0088 43923 91824
0089 2647 24
0090 6523 3072
0091 59328 101626
0092 99544 445881
0093 24569 124112
0094 12716 23
0095 66460 89948
0096 12782 26
0097 24682 8520
0098 12636 25
0099 65133 87280
0100 12716 25
0101 14023 225
0102 25855 55835
0103 11853 27
0104 62957 85108
0105 45089 43750
0106 64307 86882
0107 12873 25
0108 74510 93903
0109 12196 19
0110 12635 25
0111 73253 88682
0112 14773 405
0113 13916 232
0114 63634 85978
0115 74445 93028
0116 12875 22
0117 71634 95186
0118 43752 29510
0119 61360 82485
0120 44052 40687
0121 64350 87229
0122 12634 26
0123 13858 204
0124 23974 8751
0125 66689 88905
0126 12634 26
0127 12713 26
0128 70298 92839
0129 76954 1048576
0130 46286 43171
0131 63306 85281
0132 13852 212
0133 64513 88372
0134 53408 87476
0135 32948 80843
0136 55544 96397
0137 50906 92027
0138 3011 23
0139 55044 99730
0140 47283 97374
0141 3494 216
0142 94930 826523
0143 57770 102824
0144 112575 247116
0145 25807 40150
0146 43270 89386
0147 43158 88844
0148 92050 439673
0149 40874 88124
0150 6989 3039
0151 15263 49100
0152 80176 450118
0153 2512 27
0154 3414 570
0155 38609 89273
0156 21004 42591
0157 32254 29500
0158 81564 339779
0159 31237 58222
0160 62847 194433
0161 48887 80409
0162 61036 88523
0163 81853 446319
0164 49414 82767
0165 1515 4
0166 12082 3039
0167 1672 6
0168 58721 92908
0169 52515 86651
0170 11889 3039
0171 4820 22
0172 4225 22
0173 31824 41768
0174 4221 26
0175 5240 213
0176 10979 24119
0177 62575 102064
0178 4256 25
0179 67745 166035
0180 51088 88117
0181 7894 24520
0182 37912 59043
0183 52323 90390
0184 10865 18949
0185 59102 110402
0186 2735 26
0187 57037 102947
0188 77236 444717
0189 41057 62593
0190 51450 87664
0191 46827 85295
0192 47262 85894
0193 46401 83641
0194 46156 83565
0195 32853 44066
0196 29128 47227
0197 364 4
0198 52588 101973
0199 56705 126560
0200 2324 20
0201 6935 8798
0202 44096 91252
0203 5319 3039
0204 47356 93651
0205 19144 35928
0206 23826 39225
0207 3023 224
0208 4014 1572
0209 47746 90028
0210 46855 87357
0211 51885 102567
0212 50936 94619
0213 32838 41958
0214 46730 87603
0215 3022 25
0216 32757 40272
0217 9182 3039
0218 32591 42259
0219 24244 42126
0220 3143 23
0221 3056 22
0222 4285 248
0223 3362 23
0224 2637 23
0225 38535 83216
0226 31307 39957
0227 42769 86162
0228 28779 42215
0229 2603 24
0230 44036 104200
0231 2925 26
0232 17895 20256
0233 2666 25
0234 3043 562
0235 29188 45563
0236 11582 11736
0237 40413 87081
0238 26719 40277
0239 37225 86781
0240 27912 40703
0241 6286 3039
0242 40464 91398
0243 37126 85625
0244 7732 7599
0245 2661 25
0246 26829 44838
0247 2341 19
0248 2601 22
0249 39064 90996
0250 34855 81819
0251 3055 230
0252 27952 40819
0253 26316 42834
0254 25826 40884
0255 35071 83970
0256 24648 29496
0257 34341 81513
0258 34744 88667
0259 6197 8552
0260 2587 24
0261 33613 83519
0262 2464 24
0263 32057 82892
0264 24938 39061
0265 20602 22965
0266 34207 99449
0267 3035 219
0268 14042 24023
0269 31459 83896
0270 7299 38666
0271 52547 443576
0272 39559 127126
0273 51068 459246
0274 13871 16981
0275 3012 232
0276 31656 87422
0277 3023 3178
0278 2922 831
0279 30373 81074
0280 6853 11811
0281 22162 41590
0282 2640 25
0283 27054 74179
0284 2540 24
0285 30108 99846
0286 2646 24
0287 27057 88446
0288 26648 84803
0289 8382 11782
0290 25867 88740
0291 417 4
0292 6377 3039
0293 2733 27
0294 44185 423530
0295 25362 83925
0296 27246 82145
0297 39252 428588
0298 2619 25
0299 27693 136523
0300 24445 75552
0301 23644 82527
0302 22536 80398
0303 22921 82563
0304 28075 136376
0305 2474 23
0306 2960 215
0307 5009 4617
0308 16475 42964
0309 21736 93024
0310 21408 29499
0311 16908 40093
0312 36810 528298
0313 20293 83448
0314 8397 3033
0315 14499 81607
0316 2503 25
0317 3016 24
0318 19423 86066
0319 2603 25
0320 16792 44385
0321 7301 8300
0322 3777 239
0323 20325 79579
0324 2949 23
0325 2915 22
0326 23717 143791
0327 16343 42835
0328 2686 24
0329 3417 206
0330 16591 54446
